1733688741430 0.03554923569143263 100
1733688751386 0.07109847138286526 200
1733688761513 0.10664770707429791 300
1733688771473 0.14219694276573053 400
1733688781450 0.17774617845716317 500
1733688791841 0.21329541414859582 600
1733688802361 0.24884464984002844 700
1733688812707 0.28439388553146105 800
1733688823062 0.3199431212228937 900
1733688833495 0.35549235691432635 1000
1733688844193 0.391041592605759 1100
1733688854668 0.42659082829719164 1200
1733688865198 0.46214006398862423 1300
1733688875799 0.4976892996800569 1400
1733688886201 0.5332385353714895 1500
1733688896682 0.5687877710629221 1600
1733688907216 0.6043370067543548 1700
1733688917688 0.6398862424457874 1800
1733688928293 0.67543547813722 1900
1733688939176 0.7109847138286527 2000
1733688950083 0.7465339495200853 2100
1733688961319 0.782083185211518 2200
1733688973002 0.8176324209029506 2300
1733688984624 0.8531816565943833 2400
1733688996413 0.8887308922858158 2500
1733689008200 0.9242801279772485 2600
1733689020358 0.9598293636686811 2700
1733689032644 0.9953785993601137 2800
1733689054842 1.0 2813
1733689054846 1.0 2813
1733689066346 1.0309278350515463 2900
1733689079357 1.066477070742979 3000
1733689092309 1.1020263064344116 3100
1733689105122 1.1375755421258442 3200
1733689118240 1.1731247778172769 3300
1733689131742 1.2086740135087095 3400
1733689146973 1.2442232492001422 3500
1733689166195 1.2797724848915748 3600
1733689180626 1.3153217205830074 3700
1733689195494 1.35087095627444 3800
1733689209893 1.3864201919658727 3900
1733689224554 1.4219694276573054 4000
1733689238218 1.457518663348738 4100
1733689251906 1.4930678990401707 4200
1733689266167 1.5286171347316033 4300
1733689280565 1.564166370423036 4400
1733689294334 1.5997156061144686 4500
1733689307807 1.6352648418059013 4600
1733689321377 1.670814077497334 4700
1733689335038 1.7063633131887666 4800
1733689349315 1.7419125488801992 4900
1733689363324 1.7774617845716318 5000
1733689377361 1.8130110202630645 5100
1733689391662 1.8485602559544971 5200
1733689406676 1.8841094916459296 5300
1733689421143 1.9196587273373622 5400
1733689435884 1.9552079630287948 5500
1733689450182 1.9907571987202275 5600
1733689476343 2.0 5626
1733689476350 2.0 5626
1733689487725 2.0263064344116604 5700
1733689501759 2.0618556701030926 5800
1733689516240 2.097404905794525 5900
1733689531016 2.132954141485958 6000
1733689545303 2.1685033771773905 6100
1733689559935 2.204052612868823 6200
1733689574542 2.239601848560256 6300
1733689588997 2.2751510842516884 6400
1733689604157 2.310700319943121 6500
1733689618449 2.3462495556345537 6600
1733689633048 2.3817987913259864 6700
1733689648244 2.417348027017419 6800
1733689662665 2.4528972627088517 6900
1733689676063 2.4884464984002843 7000
1733689689689 2.523995734091717 7100
1733689703297 2.5595449697831496 7200
1733689716678 2.5950942054745822 7300
1733689729869 2.630643441166015 7400
1733689743174 2.6661926768574475 7500
1733689756230 2.70174191254888 7600
1733689769285 2.737291148240313 7700
1733689782115 2.7728403839317455 7800
1733689794905 2.808389619623178 7900
1733689807596 2.8439388553146108 8000
1733689820363 2.8794880910060434 8100
1733689832813 2.915037326697476 8200
1733689845182 2.9505865623889087 8300
1733689857450 2.9861357980803414 8400
1733689882103 3.0 8439
1733689882108 3.0 8439
1733689882598 3.0 8439
