1733688741430 1.1059600114822388 100
1733688751386 1.6771963834762573 200
1733688761513 6.520867347717285 300
1733688771473 2.7089269161224365 400
1733688781450 3.399542808532715 500
1733688791841 3.019315242767334 600
1733688802361 2.115664482116699 700
1733688812707 2.4702439308166504 800
1733688823062 2.1297740936279297 900
1733688833495 2.0742616653442383 1000
1733688844193 1.8482760190963745 1100
1733688854668 3.397329807281494 1200
1733688865198 1.7959493398666382 1300
1733688875799 2.5349364280700684 1400
1733688886201 2.255319833755493 1500
1733688896682 5.413527965545654 1600
1733688907216 2.6946139335632324 1700
1733688917688 3.7521140575408936 1800
1733688928293 5.721105575561523 1900
1733688939176 1.376060962677002 2000
1733688950083 1.4379016160964966 2100
1733688961319 1.3590136766433716 2200
1733688973002 2.7625467777252197 2300
1733688984624 5.88792085647583 2400
1733688996413 3.454826831817627 2500
1733689008200 4.668543815612793 2600
1733689020358 2.5327818393707275 2700
1733689032644 1.8918509483337402 2800
1733689066346 3.000847339630127 2900
1733689079357 3.758042097091675 3000
1733689092309 4.612030982971191 3100
1733689105122 1.6650621891021729 3200
1733689118240 1.427878499031067 3300
1733689131742 1.8424072265625 3400
1733689146973 3.3742263317108154 3500
1733689166195 1.9512722492218018 3600
1733689180626 4.511321544647217 3700
1733689195494 1.4808748960494995 3800
1733689209893 5.199255466461182 3900
1733689224554 1.9875805377960205 4000
1733689238218 3.222435235977173 4100
1733689251906 1.687240481376648 4200
1733689266167 2.1045000553131104 4300
1733689280565 4.971705436706543 4400
1733689294334 1.0667647123336792 4500
1733689307807 1.9107359647750854 4600
1733689321377 3.052375078201294 4700
1733689335038 5.705390930175781 4800
1733689349315 2.664318561553955 4900
1733689363324 7.595606803894043 5000
1733689377361 2.27685546875 5100
1733689391662 5.596443176269531 5200
1733689406676 3.929975986480713 5300
1733689421143 1.5972967147827148 5400
1733689435884 4.074618339538574 5500
1733689450182 3.0322983264923096 5600
1733689487725 3.1853721141815186 5700
1733689501759 3.856177568435669 5800
1733689516240 2.7534706592559814 5900
1733689531016 2.9778568744659424 6000
1733689545303 4.333034515380859 6100
1733689559935 2.019648313522339 6200
1733689574542 3.1388022899627686 6300
1733689588997 2.3588268756866455 6400
1733689604157 2.940213441848755 6500
1733689618449 1.892978310585022 6600
1733689633048 2.5621700286865234 6700
1733689648244 5.361216068267822 6800
1733689662665 4.439143657684326 6900
1733689676063 3.346365451812744 7000
1733689689689 2.048800468444824 7100
1733689703297 5.215718746185303 7200
1733689716678 2.534297466278076 7300
1733689729869 3.378387212753296 7400
1733689743174 5.68248987197876 7500
1733689756230 4.106644153594971 7600
1733689769285 4.409483432769775 7700
1733689782115 2.2313392162323 7800
1733689794905 3.6287739276885986 7900
1733689807596 4.178001880645752 8000
1733689820363 3.6854639053344727 8100
1733689832813 1.63987135887146 8200
1733689845182 2.587217330932617 8300
1733689857450 3.0014073848724365 8400
