1733688741430 4.9407512738476124e-05 100
1733688751386 4.8815025476952246e-05 200
1733688761513 4.822253821542837e-05 300
1733688771473 4.763005095390449e-05 400
1733688781450 4.703756369238061e-05 500
1733688791841 4.644507643085674e-05 600
1733688802361 4.585258916933286e-05 700
1733688812707 4.5260101907808984e-05 800
1733688823062 4.4667614646285106e-05 900
1733688833495 4.407512738476123e-05 1000
1733688844193 4.348264012323735e-05 1100
1733688854668 4.289015286171347e-05 1200
1733688865198 4.2297665600189594e-05 1300
1733688875799 4.1705178338665715e-05 1400
1733688886201 4.1112691077141844e-05 1500
1733688896682 4.0520203815617966e-05 1600
1733688907216 3.992771655409409e-05 1700
1733688917688 3.9335229292570217e-05 1800
1733688928293 3.874274203104634e-05 1900
1733688939176 3.815025476952246e-05 2000
1733688950083 3.755776750799858e-05 2100
1733688961319 3.6965280246474704e-05 2200
1733688973002 3.6372792984950826e-05 2300
1733688984624 3.578030572342695e-05 2400
1733688996413 3.518781846190307e-05 2500
1733689008200 3.459533120037919e-05 2600
1733689020358 3.4002843938855313e-05 2700
1733689032644 3.341035667733144e-05 2800
1733689066346 3.2817869415807564e-05 2900
1733689079357 3.2225382154283686e-05 3000
1733689092309 3.163289489275981e-05 3100
1733689105122 3.104040763123593e-05 3200
1733689118240 3.044792036971205e-05 3300
1733689131742 2.9855433108188173e-05 3400
1733689146973 2.92629458466643e-05 3500
1733689166195 2.867045858514042e-05 3600
1733689180626 2.8077971323616542e-05 3700
1733689195494 2.7485484062092664e-05 3800
1733689209893 2.6892996800568786e-05 3900
1733689224554 2.6300509539044908e-05 4000
1733689238218 2.5708022277521033e-05 4100
1733689251906 2.5115535015997155e-05 4200
1733689266167 2.452304775447328e-05 4300
1733689280565 2.3930560492949402e-05 4400
1733689294334 2.3338073231425524e-05 4500
1733689307807 2.2745585969901646e-05 4600
1733689321377 2.215309870837777e-05 4700
1733689335038 2.1560611446853893e-05 4800
1733689349315 2.0968124185330015e-05 4900
1733689363324 2.0375636923806137e-05 5000
1733689377361 1.9783149662282262e-05 5100
1733689391662 1.9190662400758384e-05 5200
1733689406676 1.859817513923451e-05 5300
1733689421143 1.800568787771063e-05 5400
1733689435884 1.7413200616186753e-05 5500
1733689450182 1.6820713354662875e-05 5600
1733689487725 1.6228226093138997e-05 5700
1733689501759 1.5635738831615122e-05 5800
1733689516240 1.5043251570091244e-05 5900
1733689531016 1.4450764308567366e-05 6000
1733689545303 1.385827704704349e-05 6100
1733689559935 1.3265789785519611e-05 6200
1733689574542 1.2673302523995733e-05 6300
1733689588997 1.2080815262471858e-05 6400
1733689604157 1.148832800094798e-05 6500
1733689618449 1.0895840739424102e-05 6600
1733689633048 1.0303353477900226e-05 6700
1733689648244 9.710866216376348e-06 6800
1733689662665 9.118378954852471e-06 6900
1733689676063 8.525891693328595e-06 7000
1733689689689 7.933404431804717e-06 7100
1733689703297 7.340917170280839e-06 7200
1733689716678 6.748429908756962e-06 7300
1733689729869 6.155942647233085e-06 7400
1733689743174 5.5634553857092076e-06 7500
1733689756230 4.97096812418533e-06 7600
1733689769285 4.378480862661453e-06 7700
1733689782115 3.785993601137576e-06 7800
1733689794905 3.1935063396136985e-06 7900
1733689807596 2.601019078089821e-06 8000
1733689820363 2.008531816565944e-06 8100
1733689832813 1.4160445550420666e-06 8200
1733689845182 8.235572935181894e-07 8300
1733689857450 2.3107003199431212e-07 8400
