1733688741430 0.6691 100
1733688751386 0.5193 200
1733688761513 0.4102 300
1733688771473 0.4166 400
1733688781450 0.4139 500
1733688791841 0.3874 600
1733688802361 0.3908 700
1733688812707 0.3881 800
1733688823062 0.3865 900
1733688833495 0.3473 1000
1733688844193 0.367 1100
1733688854668 0.3369 1200
1733688865198 0.3714 1300
1733688875799 0.3826 1400
1733688886201 0.3667 1500
1733688896682 0.3789 1600
1733688907216 0.366 1700
1733688917688 0.3136 1800
1733688928293 0.3204 1900
1733688939176 0.3742 2000
1733688950083 0.3608 2100
1733688961319 0.3382 2200
1733688973002 0.351 2300
1733688984624 0.3339 2400
1733688996413 0.3444 2500
1733689008200 0.3326 2600
1733689020358 0.3541 2700
1733689032644 0.3431 2800
1733689066346 0.328 2900
1733689079357 0.3257 3000
1733689092309 0.3477 3100
1733689105122 0.3206 3200
1733689118240 0.3318 3300
1733689131742 0.3446 3400
1733689146973 0.3219 3500
1733689166195 0.3298 3600
1733689180626 0.3265 3700
1733689195494 0.3462 3800
1733689209893 0.3272 3900
1733689224554 0.3071 4000
1733689238218 0.3241 4100
1733689251906 0.3149 4200
1733689266167 0.335 4300
1733689280565 0.3306 4400
1733689294334 0.3231 4500
1733689307807 0.3114 4600
1733689321377 0.3372 4700
1733689335038 0.3373 4800
1733689349315 0.3059 4900
1733689363324 0.3011 5000
1733689377361 0.334 5100
1733689391662 0.3134 5200
1733689406676 0.3419 5300
1733689421143 0.3592 5400
1733689435884 0.3112 5500
1733689450182 0.3045 5600
1733689487725 0.3178 5700
1733689501759 0.2821 5800
1733689516240 0.3135 5900
1733689531016 0.3273 6000
1733689545303 0.312 6100
1733689559935 0.3403 6200
1733689574542 0.3069 6300
1733689588997 0.3205 6400
1733689604157 0.3066 6500
1733689618449 0.3092 6600
1733689633048 0.2717 6700
1733689648244 0.3177 6800
1733689662665 0.2847 6900
1733689676063 0.3208 7000
1733689689689 0.3256 7100
1733689703297 0.3026 7200
1733689716678 0.3323 7300
1733689729869 0.318 7400
1733689743174 0.2926 7500
1733689756230 0.2919 7600
1733689769285 0.3189 7700
1733689782115 0.3201 7800
1733689794905 0.3242 7900
1733689807596 0.3025 8000
1733689820363 0.3187 8100
1733689832813 0.3256 8200
1733689845182 0.3134 8300
1733689857450 0.3377 8400
