1733911780895 0.03554923569143263 100
1733911791611 0.07109847138286526 200
1733911802436 0.10664770707429791 300
1733911813708 0.14219694276573053 400
1733911824636 0.17774617845716317 500
1733911835674 0.21329541414859582 600
1733911846862 0.24884464984002844 700
1733911857952 0.28439388553146105 800
1733911869075 0.3199431212228937 900
1733911880179 0.35549235691432635 1000
1733911891286 0.391041592605759 1100
1733911902393 0.42659082829719164 1200
1733911913492 0.46214006398862423 1300
1733911924480 0.4976892996800569 1400
1733911935710 0.5332385353714895 1500
1733911947036 0.5687877710629221 1600
1733911958661 0.6043370067543548 1700
1733911970318 0.6398862424457874 1800
1733911981968 0.67543547813722 1900
1733911994180 0.7109847138286527 2000
1733912006169 0.7465339495200853 2100
1733912018411 0.782083185211518 2200
1733912030560 0.8176324209029506 2300
1733912042727 0.8531816565943833 2400
1733912055325 0.8887308922858158 2500
1733912067595 0.9242801279772485 2600
1733912080107 0.9598293636686811 2700
1733912092564 0.9953785993601137 2800
1733912114382 1.0 2813
1733912114388 1.0 2813
1733912126073 1.0309278350515463 2900
1733912138831 1.066477070742979 3000
1733912151891 1.1020263064344116 3100
1733912165245 1.1375755421258442 3200
1733912178543 1.1731247778172769 3300
1733912191352 1.2086740135087095 3400
1733912204420 1.2442232492001422 3500
1733912217159 1.2797724848915748 3600
1733912229726 1.3153217205830074 3700
1733912242220 1.35087095627444 3800
1733912254820 1.3864201919658727 3900
1733912267166 1.4219694276573054 4000
1733912279412 1.457518663348738 4100
1733912291742 1.4930678990401707 4200
1733912303879 1.5286171347316033 4300
1733912316021 1.564166370423036 4400
1733912328301 1.5997156061144686 4500
1733912340294 1.6352648418059013 4600
1733912352504 1.670814077497334 4700
1733912364419 1.7063633131887666 4800
1733912376451 1.7419125488801992 4900
1733912388432 1.7774617845716318 5000
1733912400214 1.8130110202630645 5100
1733912412147 1.8485602559544971 5200
1733912423921 1.8841094916459296 5300
1733912435704 1.9196587273373622 5400
1733912447399 1.9552079630287948 5500
1733912459099 1.9907571987202275 5600
1733912481127 2.0 5626
1733912481172 2.0 5626
1733912490506 2.0263064344116604 5700
1733912502127 2.0618556701030926 5800
1733912513539 2.097404905794525 5900
1733912524839 2.132954141485958 6000
1733912536326 2.1685033771773905 6100
1733912547874 2.204052612868823 6200
1733912559233 2.239601848560256 6300
1733912570602 2.2751510842516884 6400
1733912581890 2.310700319943121 6500
1733912593417 2.3462495556345537 6600
1733912604642 2.3817987913259864 6700
1733912615988 2.417348027017419 6800
1733912627274 2.4528972627088517 6900
1733912638422 2.4884464984002843 7000
1733912649978 2.523995734091717 7100
1733912661427 2.5595449697831496 7200
1733912673159 2.5950942054745822 7300
1733912684468 2.630643441166015 7400
1733912695670 2.6661926768574475 7500
1733912706860 2.70174191254888 7600
1733912718029 2.737291148240313 7700
1733912729097 2.7728403839317455 7800
1733912740359 2.808389619623178 7900
1733912751496 2.8439388553146108 8000
1733912762492 2.8794880910060434 8100
1733912773869 2.915037326697476 8200
1733912784829 2.9505865623889087 8300
1733912796094 2.9861357980803414 8400
1733912818996 3.0 8439
1733912819004 3.0 8439
1733912819438 3.0 8439
