1733911780895 1.065711259841919 100
1733911791611 1.761971116065979 200
1733911802436 6.789219856262207 300
1733911813708 3.0206944942474365 400
1733911824636 3.396831512451172 500
1733911835674 2.7252695560455322 600
1733911846862 2.114238977432251 700
1733911857952 2.001030921936035 800
1733911869075 1.9327203035354614 900
1733911880179 1.9757667779922485 1000
1733911891286 1.7705928087234497 1100
1733911902393 3.3921964168548584 1200
1733911913492 1.6616226434707642 1300
1733911924480 2.3738794326782227 1400
1733911935710 2.1352994441986084 1500
1733911947036 5.47240686416626 1600
1733911958661 3.07891845703125 1700
1733911970318 3.800999402999878 1800
1733911981968 5.747268199920654 1900
1733911994180 1.410581350326538 2000
1733912006169 1.3812395334243774 2100
1733912018411 1.2921792268753052 2200
1733912030560 2.9587032794952393 2300
1733912042727 5.823057174682617 2400
1733912055325 3.0825631618499756 2500
1733912067595 4.619994163513184 2600
1733912080107 2.431737184524536 2700
1733912092564 1.939283847808838 2800
1733912126073 3.0424416065216064 2900
1733912138831 3.6321756839752197 3000
1733912151891 4.674587726593018 3100
1733912165245 1.6499736309051514 3200
1733912178543 1.4186885356903076 3300
1733912191352 1.8025964498519897 3400
1733912204420 3.3464365005493164 3500
1733912217159 2.1993331909179688 3600
1733912229726 4.358217716217041 3700
1733912242220 1.4118404388427734 3800
1733912254820 4.839625835418701 3900
1733912267166 1.985244870185852 4000
1733912279412 2.9066758155822754 4100
1733912291742 1.6420212984085083 4200
1733912303879 2.0648539066314697 4300
1733912316021 4.249481201171875 4400
1733912328301 1.016071081161499 4500
1733912340294 1.6925100088119507 4600
1733912352504 3.0419929027557373 4700
1733912364419 5.639978885650635 4800
1733912376451 2.7313549518585205 4900
1733912388432 7.654158115386963 5000
1733912400214 2.4410653114318848 5100
1733912412147 5.065030097961426 5200
1733912423921 4.1440510749816895 5300
1733912435704 1.571334719657898 5400
1733912447399 3.929887294769287 5500
1733912459099 2.7947540283203125 5600
1733912490506 3.186647653579712 5700
1733912502127 4.019090175628662 5800
1733912513539 2.7361409664154053 5900
1733912524839 3.434541940689087 6000
1733912536326 4.190479755401611 6100
1733912547874 1.7107661962509155 6200
1733912559233 3.325033664703369 6300
1733912570602 2.4053173065185547 6400
1733912581890 2.8924992084503174 6500
1733912593417 2.0715768337249756 6600
1733912604642 2.346463441848755 6700
1733912615988 5.802582263946533 6800
1733912627274 4.897604465484619 6900
1733912638422 2.8488762378692627 7000
1733912649978 2.1600306034088135 7100
1733912661427 4.7725372314453125 7200
1733912673159 2.52504301071167 7300
1733912684468 4.271389961242676 7400
1733912695670 5.526976108551025 7500
1733912706860 3.88299822807312 7600
1733912718029 4.744258880615234 7700
1733912729097 2.5129172801971436 7800
1733912740359 3.055464506149292 7900
1733912751496 4.145092487335205 8000
1733912762492 3.902017831802368 8100
1733912773869 1.6668821573257446 8200
1733912784829 2.4543251991271973 8300
1733912796094 3.247486114501953 8400
