1733911780895 4.9407512738476124e-05 100
1733911791611 4.8815025476952246e-05 200
1733911802436 4.822253821542837e-05 300
1733911813708 4.763005095390449e-05 400
1733911824636 4.703756369238061e-05 500
1733911835674 4.644507643085674e-05 600
1733911846862 4.585258916933286e-05 700
1733911857952 4.5260101907808984e-05 800
1733911869075 4.4667614646285106e-05 900
1733911880179 4.407512738476123e-05 1000
1733911891286 4.348264012323735e-05 1100
1733911902393 4.289015286171347e-05 1200
1733911913492 4.2297665600189594e-05 1300
1733911924480 4.1705178338665715e-05 1400
1733911935710 4.1112691077141844e-05 1500
1733911947036 4.0520203815617966e-05 1600
1733911958661 3.992771655409409e-05 1700
1733911970318 3.9335229292570217e-05 1800
1733911981968 3.874274203104634e-05 1900
1733911994180 3.815025476952246e-05 2000
1733912006169 3.755776750799858e-05 2100
1733912018411 3.6965280246474704e-05 2200
1733912030560 3.6372792984950826e-05 2300
1733912042727 3.578030572342695e-05 2400
1733912055325 3.518781846190307e-05 2500
1733912067595 3.459533120037919e-05 2600
1733912080107 3.4002843938855313e-05 2700
1733912092564 3.341035667733144e-05 2800
1733912126073 3.2817869415807564e-05 2900
1733912138831 3.2225382154283686e-05 3000
1733912151891 3.163289489275981e-05 3100
1733912165245 3.104040763123593e-05 3200
1733912178543 3.044792036971205e-05 3300
1733912191352 2.9855433108188173e-05 3400
1733912204420 2.92629458466643e-05 3500
1733912217159 2.867045858514042e-05 3600
1733912229726 2.8077971323616542e-05 3700
1733912242220 2.7485484062092664e-05 3800
1733912254820 2.6892996800568786e-05 3900
1733912267166 2.6300509539044908e-05 4000
1733912279412 2.5708022277521033e-05 4100
1733912291742 2.5115535015997155e-05 4200
1733912303879 2.452304775447328e-05 4300
1733912316021 2.3930560492949402e-05 4400
1733912328301 2.3338073231425524e-05 4500
1733912340294 2.2745585969901646e-05 4600
1733912352504 2.215309870837777e-05 4700
1733912364419 2.1560611446853893e-05 4800
1733912376451 2.0968124185330015e-05 4900
1733912388432 2.0375636923806137e-05 5000
1733912400214 1.9783149662282262e-05 5100
1733912412147 1.9190662400758384e-05 5200
1733912423921 1.859817513923451e-05 5300
1733912435704 1.800568787771063e-05 5400
1733912447399 1.7413200616186753e-05 5500
1733912459099 1.6820713354662875e-05 5600
1733912490506 1.6228226093138997e-05 5700
1733912502127 1.5635738831615122e-05 5800
1733912513539 1.5043251570091244e-05 5900
1733912524839 1.4450764308567366e-05 6000
1733912536326 1.385827704704349e-05 6100
1733912547874 1.3265789785519611e-05 6200
1733912559233 1.2673302523995733e-05 6300
1733912570602 1.2080815262471858e-05 6400
1733912581890 1.148832800094798e-05 6500
1733912593417 1.0895840739424102e-05 6600
1733912604642 1.0303353477900226e-05 6700
1733912615988 9.710866216376348e-06 6800
1733912627274 9.118378954852471e-06 6900
1733912638422 8.525891693328595e-06 7000
1733912649978 7.933404431804717e-06 7100
1733912661427 7.340917170280839e-06 7200
1733912673159 6.748429908756962e-06 7300
1733912684468 6.155942647233085e-06 7400
1733912695670 5.5634553857092076e-06 7500
1733912706860 4.97096812418533e-06 7600
1733912718029 4.378480862661453e-06 7700
1733912729097 3.785993601137576e-06 7800
1733912740359 3.1935063396136985e-06 7900
1733912751496 2.601019078089821e-06 8000
1733912762492 2.008531816565944e-06 8100
1733912773869 1.4160445550420666e-06 8200
1733912784829 8.235572935181894e-07 8300
1733912796094 2.3107003199431212e-07 8400
