1733911780895 0.6664 100
1733911791611 0.5083 200
1733911802436 0.4121 300
1733911813708 0.4153 400
1733911824636 0.4122 500
1733911835674 0.386 600
1733911846862 0.3881 700
1733911857952 0.3924 800
1733911869075 0.3862 900
1733911880179 0.3503 1000
1733911891286 0.3649 1100
1733911902393 0.3367 1200
1733911913492 0.3692 1300
1733911924480 0.3829 1400
1733911935710 0.365 1500
1733911947036 0.3827 1600
1733911958661 0.3612 1700
1733911970318 0.3136 1800
1733911981968 0.3246 1900
1733911994180 0.3733 2000
1733912006169 0.3587 2100
1733912018411 0.3381 2200
1733912030560 0.3513 2300
1733912042727 0.3312 2400
1733912055325 0.3421 2500
1733912067595 0.3317 2600
1733912080107 0.3529 2700
1733912092564 0.3433 2800
1733912126073 0.3203 2900
1733912138831 0.3267 3000
1733912151891 0.343 3100
1733912165245 0.3211 3200
1733912178543 0.3301 3300
1733912191352 0.3428 3400
1733912204420 0.3175 3500
1733912217159 0.3333 3600
1733912229726 0.3241 3700
1733912242220 0.3463 3800
1733912254820 0.3273 3900
1733912267166 0.3059 4000
1733912279412 0.3231 4100
1733912291742 0.315 4200
1733912303879 0.3292 4300
1733912316021 0.3334 4400
1733912328301 0.3199 4500
1733912340294 0.3096 4600
1733912352504 0.3333 4700
1733912364419 0.3342 4800
1733912376451 0.3049 4900
1733912388432 0.301 5000
1733912400214 0.3316 5100
1733912412147 0.3135 5200
1733912423921 0.3384 5300
1733912435704 0.3581 5400
1733912447399 0.3131 5500
1733912459099 0.3067 5600
1733912490506 0.3168 5700
1733912502127 0.2836 5800
1733912513539 0.3159 5900
1733912524839 0.3282 6000
1733912536326 0.314 6100
1733912547874 0.3387 6200
1733912559233 0.3105 6300
1733912570602 0.3187 6400
1733912581890 0.3052 6500
1733912593417 0.3057 6600
1733912604642 0.2709 6700
1733912615988 0.3155 6800
1733912627274 0.2855 6900
1733912638422 0.3229 7000
1733912649978 0.324 7100
1733912661427 0.3019 7200
1733912673159 0.3255 7300
1733912684468 0.3184 7400
1733912695670 0.293 7500
1733912706860 0.2871 7600
1733912718029 0.3193 7700
1733912729097 0.3245 7800
1733912740359 0.3236 7900
1733912751496 0.3024 8000
1733912762492 0.3163 8100
1733912773869 0.3218 8200
1733912784829 0.3118 8300
1733912796094 0.3351 8400
